SCMBranch=SOLSoftware
SCMRepository=SOLSoftware/Polymer/dhi_elements/dhi-leaflet
SCMMainlineUUID={7f12f277-f704-4336-93b8-a0f811a10172}
SCMBranchRepositoryID=532726
leaflet.label-src.js;2184752051;1;1434464098;|276891|562759
leaflet.label.css;839528850;1;1434461050;|276892|562760
leaflet.label.js;922592978;1;1434460901;|276893|562761
dhi-leaflet-geojsonutils.html;2788197885;1;1516068101;|329959|672369
geojson-utils.js;3807791131;1;1516068145;|329960|672370
dhi-leaflet-attribution.html;398610139;4;1520555435;|302111|678461
index.html;3508401958;1;1520550971;|331018|4294967295
dhi-leaflet-zoomcontrols.html;3781946385;16;1521075626;|276889|678749
dhi-leaflet-ais-filter.html;4176214808;5;1521404486;|329957|679008
dhi-leaflet-geojson.html;1593829176;27;1521404581;|276885|679010
dhi-leaflet-images.html;1884632638;6;1521404602;|298060|679012
dhi-leaflet-markers.html;657919033;5;1521404716;|276886|679013
dhi-leaflet-radar-image-raw.html;4120193108;4;1521404770;|290467|679014
dhi-leaflet-radar-image.html;4048236431;6;1521404740;|276887|679015
dhi-leaflet-static-image.html;1690868608;4;1521404783;|290468|679016
dhi-leaflet-tilelayer-google.html;779915518;23;1521404835;|307962|679017
dhi-leaflet-tilelayer-wms-secure.html;4175733490;5;1521405028;|325013|679018
dhi-leaflet-tilelayer-wms.html;3819060328;9;1521404958;|276888|679019
dhi-leaflet-traces.html;2148490731;29;1521405129;|300510|679020
index-ais-filter.html;1061904465;1;1521408735;|331120|4294967295
index-attribution.html;1911236621;1;1521408756;|331121|4294967295
index-geojson.html;535895419;1;1437140303;|331122|4294967295
index-images-wms.html;3121054541;1;1521408837;|331123|4294967295
index-images.html;3665186943;1;1521408799;|331124|4294967295
index-markers.html;2301633276;1;1521409009;|331125|4294967295
index-radar-image-raw.html;2086678408;1;1521409042;|331126|4294967295
index-radar-image.html;448427033;1;1521409009;|331127|4294967295
index-static-image.html;476318473;1;1521408879;|331128|4294967295
index-tilelayer-google.html;92087775;1;1521409082;|331129|4294967295
index-tilelayer-wms-secure.html;1998786455;1;1521409155;|331130|4294967295
index-tilelayer-wms.html;3644753679;1;1521409109;|331131|4294967295
index-traces.html;2349334750;1;1521409203;|331132|4294967295
index-zoomcontrols.html;3797823759;1;1521409234;|331133|4294967295
dhi-leaflet-ais.html;2094005864;23;1522967529;|323959|679692
dhi-leaflet-images-wms.html;1790525683;28;1522967529;|316277|679887
index-leaflet-geojson.html;535895419;1;1522967625;|276890|562758
