SCMBranch=SOLSoftware
SCMRepository=SOLSoftware/Polymer/dhi_elements/dhi-chart/highcharts/modules
SCMMainlineUUID={7f12f277-f704-4336-93b8-a0f811a10172}
SCMBranchRepositoryID=532701
boost.js;2129897017;1;1444213340;|276818|562686
boost.src.js;2322919351;1;1444213348;|276819|562687
broken-axis.js;1576355384;1;1444213340;|276820|562688
broken-axis.src.js;1217553937;1;1444213340;|276821|562689
canvas-tools.js;197666973;1;1444213340;|276822|562690
canvas-tools.src.js;2293590598;1;1444213340;|276823|562691
data.js;3629965669;1;1444213340;|276824|562692
data.src.js;2890972742;1;1444213340;|276825|562693
drilldown.js;2991543252;1;1444213340;|276826|562694
drilldown.src.js;2560126530;1;1444213348;|276827|562695
exporting.js;2675191000;1;1444213340;|276828|562696
exporting.src.js;4026191932;1;1444213340;|276829|562697
funnel.js;3618510465;1;1444213340;|276830|562698
funnel.src.js;245242780;1;1444213340;|276831|562699
heatmap.js;1586121677;1;1444213340;|276832|562700
heatmap.src.js;3331849676;1;1444213348;|276833|562701
no-data-to-display.js;2828660462;1;1444213340;|276834|562702
no-data-to-display.src.js;1638866794;1;1444213340;|276835|562703
offline-exporting.js;2063799631;1;1444213340;|276836|562704
offline-exporting.src.js;592051473;1;1444213340;|276837|562705
solid-gauge.js;923759444;1;1444213340;|276838|562706
solid-gauge.src.js;1891134191;1;1444213348;|276839|562707
treemap.js;2873959743;1;1444213340;|276840|562708
treemap.src.js;4089360889;1;1444213348;|276841|562709
