SCMBranch=SOLSoftware
SCMRepository=SOLSoftware/Polymer/dhi_elements/dhi-leaflet/demo/data
SCMMainlineUUID={7f12f277-f704-4336-93b8-a0f811a10172}
SCMBranchRepositoryID=640086
20160101_carbon.png;3335838635;2;1467245688;|298061|600618
20160401_carbon.png;661124082;2;1468375560;|298062|600619
20160701_carbon.png;1341744470;2;1468375561;|298063|600620
demo-geojson.json;1677360822;1;1479417754;|302151|612853
demo-geojsonMarkers.json;767810125;1;1479417754;|302152|612854
demo-markers.json;1177265653;1;1479417754;|302153|612855
klimaspringSkema.png;795984360;1;1479417755;|302154|612856
twitter.png;3208947630;1;1479417800;|302155|612857
ais.png;188693840;1;1499665243;|323963|655258
aisBig.json;1025216811;1;1499665243;|323962|655257
projects.json;2440161682;1;1513761381;|329920|671933
aisTestOne.json;3780191359;3;1516068147;|323961|672360
marine.json;3005951460;2;1516068220;|302150|613468
aisTestTwo.json;3204565061;3;1520469862;|328491|677084
