SCMBranch=SOLSoftware
SCMRepository=SOLSoftware/Polymer/dhi_elements/dhi-chart/highcharts/themes
SCMMainlineUUID={7f12f277-f704-4336-93b8-a0f811a10172}
SCMBranchRepositoryID=532702
dark-blue.js;2579947544;1;1444213348;|276842|562710
dark-green.js;3985253138;1;1444213348;|276843|562711
dark-unica.js;152857427;1;1444213348;|276844|562712
gray.js;537558065;1;1444213340;|276845|562713
grid-light.js;3412238577;1;1444213348;|276846|562714
grid.js;3767952942;1;1444213340;|276847|562715
sand-signika.js;2169132065;1;1444213348;|276848|562716
skies.js;1696827166;1;1444213340;|276849|562717
